   1.8631986e+00  -3.4266851e-01
  -7.1230025e-01   2.0800651e+00
  -6.7777945e-01  -8.9691320e-01
   3.8784161e-02  -5.1157933e-01
   2.4606390e-01  -4.5552906e-01
  -5.0064354e-01  -1.9115458e+00
  -1.6541445e+00  -1.8495683e-01
  -4.2060767e-02   1.8725337e+00
   6.6823625e-01   6.5373618e-01
   2.7123510e-01   5.2859307e-01
  -5.9967457e-01  -1.5938448e-01
   2.5584237e+00  -1.0139009e+00
   2.0910692e+00  -6.1456087e-03
  -1.0662646e+00  -8.1783617e-01
  -1.5449668e+00   9.6691414e-01
  -1.1147938e+00   2.0826925e+00
   1.1666815e-01  -1.6668083e+00
   1.4734209e+00  -1.9061728e+00
   1.4576130e+00  -1.3587617e+00
  -2.7141842e-01   2.6023229e-02
   1.5075600e+00   2.9621560e-01
   7.6484701e-03  -3.0555086e-01
   3.4058057e-01  -1.9480638e-01
   1.2050121e+00   2.9710054e-01
   1.6386294e+00  -6.3610912e-01
  -3.9777637e-01  -5.9096271e-01
  -6.8185795e-02  -2.9823937e-01
   9.4304809e-01  -4.6846539e-02
  -3.9640388e-01   1.7057292e+00
   2.6556482e-01  -1.4867959e+00
  -7.9278951e-01   1.9504719e+00
   1.4480309e-01  -3.5765357e-01
   1.8324696e-01  -6.4087072e-01
  -2.6006763e-01  -4.9071990e-01
  -1.1387728e+00  -7.3742987e-01
   1.1472258e+00  -6.2896915e-01
   9.0904013e-01  -1.4381510e+00
   2.3366455e-02   1.9026549e-02
  -5.5068316e-01  -1.0505963e+00
   1.8070970e+00  -1.4877417e+00
   1.6621688e-01  -2.0700526e+00
   1.1906098e+00  -4.3579144e-01
   4.9547090e-01  -7.3176574e-01
  -1.2005412e+00  -8.1447877e-01
   1.0627753e+00   3.6127202e-01
   2.2907632e-01   1.0107278e-01
   1.4841130e+00   7.3571952e-01
   1.1764319e+00   1.3210381e+00
   8.3526128e-02  -3.6844171e-01
  -3.9567839e-01   7.6002291e-01
  -9.1370882e-02   1.6721609e+00
  -6.0989483e-01  -3.7517548e-01
  -9.8841169e-01   8.7568155e-01
   1.0253391e+00  -5.0938585e-01
  -5.3358573e-01   2.3265724e+00
  -2.0598402e+00   6.0298520e-01
   9.4509635e-01  -8.5147406e-01
   5.9730878e-01  -7.7928850e-01
  -2.0726976e-01  -3.2210951e+00
  -1.3479918e+00  -1.8242808e-01
   5.3355258e-02  -5.9000278e-01
  -1.4604100e+00  -1.3379093e-01
   5.0635955e-01   5.5821211e-01
   1.3487050e+00  -1.1565493e+00
   5.6553050e-01  -2.5667217e-01
   6.6613153e-01   1.0832733e+00
  -4.1980899e-01  -6.1765048e-01
   1.8329667e-01  -1.3748895e+00
  -6.7455515e-02  -1.5014745e+00
   3.5438439e-01   1.6902637e-01
  -4.0582470e-01  -1.8604852e-01
  -3.9586871e+00   1.2991394e+00
   9.6897379e-01   2.4965897e-02
  -2.4281581e+00  -9.7214724e-01
   9.0730420e-01  -2.5453666e-01
   1.3233842e+00  -2.3112775e-01
  -1.0913641e+00  -5.6592751e-01
   2.7827394e+00   2.2888976e+00
   2.2406724e+00   3.5235691e-01
   2.6364087e+00   1.5234037e-01
   4.9456696e-01   1.5005371e+00
  -8.3820906e-01   2.1141220e-01
  -5.1091078e-01   6.2440242e-01
   4.8521206e-01   5.0088440e-01
  -1.2193939e+00  -9.4116664e-01
   2.7206766e-02  -1.8148716e+00
   1.0565573e+00  -1.4248066e+00
   1.1137920e+00  -3.0976249e-01
  -8.0908569e-01  -1.5556887e-01
  -6.8287008e-01  -1.6196758e-01
   2.3703226e-01   1.0111006e+00
   3.5510490e-01   1.8137678e+00
   5.1138106e-01   5.3706966e-02
  -8.0117862e-01  -1.1725579e-01
   3.7718677e-02   1.0717603e+00
   1.2928499e+00   7.2200841e-01
   1.8863714e+00  -1.5199781e+00
   6.0969940e-01  -4.8110077e-01
   1.4643141e+00   3.4095226e-01
  -4.0002535e-02  -2.1601915e+00
  -2.2368525e-01   1.8010823e-01
   7.4311501e-01   4.1053512e-01
   1.3458134e+00  -4.4953350e-01
  -2.0478469e-02   3.6442605e-01
   1.2114897e+00   8.9739823e-01
   1.6931173e+00   4.4039205e-01
  -8.5210822e-01  -1.0970204e+00
   1.2792113e+00   1.2723579e+00
   8.2767427e-01  -7.5982090e-01
   4.3418754e-01   1.6471154e-01
   8.8828031e-03  -2.2840691e+00
   3.3457576e-01  -6.6099212e-01
   3.8284155e-01  -6.9114429e-01
  -5.4061992e-01   7.4864140e-02
   1.6497773e-01   9.1121269e-01
  -6.2980460e-01  -1.1339205e+00
  -5.2232983e-01   1.3349470e+00
  -2.3434836e-01  -1.1831686e-01
  -8.8005605e-01   6.9006288e-01
  -5.4309047e-01   1.6237413e+00
  -2.8382104e-01  -1.6638105e-01
  -2.6762782e-01   2.1333023e+00
  -1.2624675e+00  -2.0236722e-01
   5.1574945e-02  -1.2924511e-01
  -3.3191752e-01  -7.8392145e-01
   1.2326320e+00  -9.4290859e-01
   2.1996738e+00   3.5886188e-01
   2.3170771e-01   5.1106717e-01
  -6.3989431e-01   1.3357087e+00
   7.3603077e-01   4.2808734e-01
  -1.4292142e+00   1.8156568e-01
   9.7492332e-01  -4.6525533e-01
  -1.2574891e+00  -6.4429563e-01
   3.0947116e-01  -1.2091267e+00
  -3.4991838e-01  -8.4722111e-01
  -1.1746824e+00  -1.0934062e+00
  -2.2058077e-01  -1.5689251e+00
   5.7005975e-01  -2.0020159e-01
   1.1137151e+00   8.5589428e-01
  -1.1354077e+00  -8.7804903e-01
   2.7055732e-01   3.3483600e-01
   4.6102613e-01   5.8501582e-01
  -2.8210142e-02   2.1946503e-01
   3.2511777e-01  -2.5151899e-01
  -1.4819792e-01   1.6454343e-01
  -1.0842057e-01   6.0431914e-01
   1.2862923e+00  -1.7033446e+00
   4.5847410e-01   9.7164924e-01
   1.5207073e+00  -4.2393732e-02
  -1.6134984e+00  -1.2831664e+00
  -2.9517296e-01  -5.7377776e-02
   7.4734819e-01   3.6533140e-02
  -1.5391693e+00  -3.9313290e-01
   1.0714334e+00   8.1757999e-01
   2.1895484e+00   2.1282010e+00
   4.5459900e-01   7.0851469e-01
  -1.6425167e+00   9.2253086e-01
  -3.5798286e-02  -3.4433267e-01
   3.5099268e-01   3.3181179e-02
  -1.1524741e-01   4.3013391e-01
  -8.0063958e-02   4.8052255e-01
  -6.5169783e-01   4.2513065e-02
   1.7559292e+00  -2.2241994e+00
  -7.9242419e-01  -9.6038219e-01
   9.7208642e-01   1.7421260e+00
  -1.7852097e+00  -2.3524580e-01
  -7.4548371e-01   2.9603180e-01
  -5.7813373e-01   3.1835680e-01
   9.0920679e-01   5.5815704e-02
  -1.8357927e-01   6.4568033e-01
  -1.3959809e+00  -7.6629132e-01
  -1.6078508e+00  -2.4834671e-01
   1.1336198e+00   2.7502429e-01
  -4.1332131e-01   6.1686601e-01
   9.4968662e-01  -1.3789590e-01
  -1.0793578e+00  -4.7376776e-01
  -8.7285278e-01   3.5028285e-01
   2.4393960e+00   8.9736112e-02
  -1.4241811e-01   8.1719205e-02
  -4.5057573e-01   1.1784648e+00
   8.5223748e-01  -7.6789786e-01
  -7.4037206e-01   1.8772475e+00
  -4.3432784e-01  -9.8076024e-01
  -6.1643055e-01  -1.4153018e+00
  -6.0494440e-01   9.0106474e-02
   2.3333548e-01  -4.5047471e-01
  -9.0642354e-02  -6.2012386e-01
  -1.1919938e-01   5.8525350e-01
  -4.9899698e-01  -7.3973917e-02
  -2.0988341e+00  -5.8919670e-01
  -1.5316793e+00  -7.1650267e-01
   4.9244151e-01  -8.1038242e-01
   2.7112681e-01   7.7337554e-01
   2.5115773e-01   1.3365738e+00
  -6.7608810e-02   8.1856159e-01
  -2.6026742e-01   1.5720376e-01
   5.0412879e-01   8.9404465e-01
  -5.4677246e-01   4.2179209e-02
  -8.6195062e-01  -7.9004201e-02
  -1.2205337e+00  -1.1496860e+00
   1.6302896e+00   3.5222733e-01
  -1.0750582e+00  -5.1846458e-01
   6.9937404e-01   1.2986047e+00
   4.1557395e-01  -1.9936231e+00
   1.6261921e+00   6.6406108e-01
  -5.9542540e-01  -4.0862925e-01
  -3.2025979e-01   1.3888017e+00
   1.2886369e-01   1.7280801e+00
   7.0577382e-01   3.8852745e-01
  -2.6870478e+00  -1.2902418e+00
  -6.7397119e-01  -8.7824923e-01
  -1.1953804e+00   7.9433208e-01
   5.1218785e-01  -2.4867063e-01
   2.9113280e-01   4.7344333e-01
   1.5485309e+00   3.7424221e-01
  -1.1609077e+00  -8.2409731e-02
  -7.7062335e-01   2.7784274e-01
  -9.2888891e-01   1.7815093e+00
  -8.2396690e-01   1.6460775e+00
   1.1563273e+00   3.2674457e-01
  -9.1693857e-01  -1.8789331e-01
  -2.3055002e-01  -1.8831532e+00
   7.3026885e-01   2.0881515e+00
  -1.0946492e+00   1.0960846e-01
  -1.4559926e+00  -1.3946066e+00
   2.3266881e-01   1.3962815e+00
  -6.3742529e-01  -1.6993161e-02
   3.4877120e-01  -2.3145705e+00
  -1.2167911e-01   1.3793082e+00
   4.7203308e-01   1.2974122e+00
   8.3473870e-02   7.9350960e-01
   8.7557057e-01  -4.9834257e-01
  -2.7396973e-01  -4.1371620e-01
   2.1831070e-01   6.8851000e-01
  -1.1589140e-01  -6.9503655e-02
   2.0294921e+00  -6.2794878e-01
   2.8110798e-01   5.7821693e-01
  -1.0998243e-01   5.2196755e-01
  -1.8774094e-01  -2.4085570e+00
   7.2077833e-01   2.9218928e-01
   1.6782702e+00  -1.9043079e-02
  -7.7345550e-01   1.6081724e-01
  -1.3874311e+00  -3.3885011e+00
  -6.1851150e-01   9.1688488e-01
  -3.1193726e-01  -2.0356977e+00
  -8.6585000e-01  -1.1610836e+00
  -1.3366641e+00   5.0156120e-02
  -4.9285320e-01   7.0683794e-01
  -5.1755763e-01   5.7086462e-01
   5.5916073e-02  -4.6744042e-01
  -1.1808707e+00   2.7999422e-01
   5.0860126e-01  -7.5211982e-02
  -2.7630874e-01   1.2324558e+00
  -8.6188499e-01  -1.0838550e+00
   2.0249471e+00  -3.6712536e-01
   2.8669486e+00   7.2386383e-02
  -7.9487700e-01   1.9514866e+00
  -3.1361522e-01   1.0027676e+00
   5.4569212e-01  -2.1918271e+00
  -4.3718683e-01  -1.2787603e+00
   1.8625503e-01   1.0865175e+00
   1.1015572e-01   4.0139243e-02
  -2.7430995e-01  -3.3535155e-01
   1.2456861e-01   1.8516009e+00
  -3.7749048e-01  -5.2347483e-01
   1.2752659e+00  -1.4862753e+00
   1.2338218e+00  -1.6584389e+00
   6.5625231e-01  -1.0364413e+00
   2.0406433e+00  -2.4804928e-01
  -9.1883051e-01  -6.4902992e-01
   9.3208488e-01  -1.5676256e+00
  -2.4150670e-01  -1.2747274e+00
  -8.2361537e-01   3.4550654e-01
  -1.0052314e+00   8.1639928e-02
   4.1280440e-01   1.8795183e+00
  -3.4240252e-02  -1.1646573e-01
  -1.5529316e+00  -1.0429113e+00
   1.2303890e+00   4.5513843e-01
  -4.8381294e-01  -3.1318537e-01
  -5.9263031e-01  -2.4852416e-01
  -1.0883082e+00  -7.1331256e-01
  -1.9179014e-01  -1.7828086e-02
  -2.1795845e+00   8.6289244e-01
   1.6299325e+00   1.9096404e-01
  -8.5129001e-02  -2.3051715e-01
  -2.3329794e-01   9.1859415e-01
  -1.6830898e-02  -1.9401727e-01
   5.4544346e-01   6.4579099e-01
  -6.3622501e-01   1.0261080e+00
  -3.6964962e-03  -2.3692446e-01
   7.1886986e-01   4.7712726e-01
  -2.0349919e-01   5.8841013e-01
  -1.4344402e+00   5.2123423e-01
   3.1447599e-01  -4.1875083e-01
  -5.0300197e-01  -3.0415968e-01
  -9.4492432e-01   3.4104247e-01
  -4.5469359e-01   7.4917693e-01
  -5.5242979e-01  -7.2792102e-01
   8.5723958e-01   7.2809215e-01
  -1.9878015e+00   3.0664796e-01
  -5.2058203e-01  -4.1674387e-01
  -3.6384338e-01  -6.6507935e-01
   5.5768214e-01   1.1561864e-01
  -4.5269794e-01   1.8857259e-01
  -5.2323220e-01  -3.3301718e-01
  -1.0125486e+00  -1.0819894e+00
   9.4590930e-01  -4.2375719e-01
  -1.4700383e+00   8.9351547e-01
   2.4356302e-01  -1.2257525e+00
   3.2395434e-01  -3.1902180e-01
  -1.3527518e+00   3.7863103e+00
   1.8267148e-03  -4.1976226e-01
   5.0643256e-01  -4.2920721e-01
  -8.9370671e-01   1.1828800e-01
   3.3710441e-02  -1.0840416e+00
   4.9134088e-01   1.2616659e-01
  -1.0014260e+00  -7.4966137e-01
   5.1702346e-01   6.5126805e-01
   9.1347954e-01   8.1017518e-01
   1.3475710e+00   1.7537623e-01
   2.5711629e-01  -2.2772338e-01
  -5.7883542e-01  -8.4589756e-01
  -1.3006210e-01   1.0766336e+00
  -1.9907093e+00   1.2870032e+00
  -4.1209403e-01  -2.2360926e+00
   7.8031557e-01   1.1226365e+00
   5.4034104e-01   1.1913310e+00
   1.8076797e+00   1.9824166e+00
  -9.6997594e-01  -3.7672066e-04
  -6.5841108e-01  -1.2295802e+00
  -1.9729690e+00   1.0254498e-01
   5.1539377e-01   1.7715565e+00
  -1.7080085e-01  -3.2681941e-01
  -7.6788931e-01   1.9897296e-01
  -1.0916275e-03  -1.4014185e+00
  -9.8749139e-02  -5.6189764e-01
   9.2668530e-01  -4.4513998e-01
   1.6401301e+00  -3.9186277e-01
  -8.0253609e-01   7.0609973e-01
   1.3420826e-01   1.2266701e+00
   4.5858413e-01   5.0847999e-02
   2.0440810e-01  -7.6619695e-01
   1.5095018e-01   6.9721011e-01
   5.6198428e-01  -4.7810987e-01
   3.1608168e-01   1.7995900e+00
   5.3794399e-01  -1.0679525e+00
  -1.1902051e+00   1.9513272e+00
  -1.4972009e+00   1.0004350e+00
   3.0328163e-01  -4.3161834e-01
  -2.0475186e+00   7.1351357e-01
   3.8685711e-01  -1.7758317e+00
   1.4441595e+00  -4.8881543e-01
  -8.5489583e-01  -6.1722993e-01
  -7.4458137e-01   1.3103393e+00
   1.0345892e+00   7.9274892e-01
  -1.0096849e+00  -1.2836587e+00
   3.4197447e-01   1.7294043e-01
  -9.4445703e-02   9.5427009e-01
  -7.5275292e-01   1.1855238e+00
   7.7922636e-01  -1.2092997e+00
   2.1175041e+00  -1.1717338e-01
  -1.2089954e+00   4.6415868e-01
  -1.4245493e+00   2.2357082e-01
   1.0257281e+00   1.1087961e+00
   3.6124209e-01  -5.9204508e-01
  -1.3139455e+00  -1.9078595e-01
   7.9992556e-01  -8.0790581e-01
  -2.4698989e+00  -5.3319332e-01
  -2.2220002e+00  -4.4327080e-01
  -3.1341676e-01  -5.0062392e-01
   2.0411204e-01   5.4213210e-01
  -8.0171681e-01  -1.2166424e+00
   1.0885523e+00  -6.6281550e-01
  -1.1885198e+00   1.6024880e+00
  -7.5400754e-01   9.0309668e-01
  -3.6989996e-01   1.0613671e+00
  -5.0645520e-01  -1.6418610e+00
   1.6470539e-01  -2.5278088e+00
  -7.0538380e-01  -3.6168517e-01
  -3.2183376e-02  -2.3786387e-01
   7.4230759e-01   1.0709751e+00
   7.5232834e-01  -6.6373536e-02
   4.3266489e-01  -1.7005009e+00
  -2.0284216e+00   1.9802186e-01
  -9.7260421e-01   1.8658812e+00
   2.0704848e+00   3.0220197e-01
  -1.2213272e+00   4.4409083e-01
  -9.8006721e-01   3.4515215e-01
  -4.1305587e-01  -1.0215914e+00
  -1.0023551e+00   2.5112350e-01
   1.3926136e+00   7.5283781e-01
  -9.7470111e-01  -1.0438553e-01
   8.0546281e-01  -1.4884823e-01
  -7.5105566e-01  -4.6905364e-02
  -1.1662037e+00   9.9310935e-02
  -5.6617160e-01   2.3326927e-01
  -1.9702909e+00   1.0096684e-01
  -1.1751482e+00   3.7120527e-01
   7.3293122e-02  -2.9598349e+00
   1.1309981e+00  -2.2743722e-01
  -2.0482129e-01   2.4467330e-01
   2.9787573e-01  -1.6069135e-01
  -9.4728347e-01   1.4706330e+00
  -1.6483130e+00  -1.3424595e-02
  -1.9260312e-01  -7.5586919e-01
   9.4190168e-02  -4.7487588e-01
   9.1634383e-01   1.6233825e+00
  -2.2080114e-01   3.2031202e-01
  -1.0891944e-01   2.3491363e+00
  -3.0769052e-01   5.4474847e-01
   2.6269992e+00  -4.8408408e-01
   1.9034640e+00   1.5821256e+00
  -3.7443566e-01   1.9244124e-02
   1.7860831e-01  -8.0474057e-01
  -3.0653772e-01   1.3314011e+00
   7.2761486e-01   4.7382492e-02
  -2.2474834e-01   8.1254940e-01
  -2.2669721e-01  -1.2863123e+00
  -1.5144482e+00   5.2146064e-01
   5.3997765e-03   3.2006821e-02
   4.9092356e-01  -6.5329303e-01
  -2.3233222e-03  -9.0738720e-01
  -1.3006919e-01   1.5158289e+00
   8.3864625e-01  -6.1854920e-01
   1.4775257e+00   1.5332363e+00
  -1.5326334e+00   4.5353119e-01
   2.0487082e+00   7.4199524e-01
  -6.0198310e-01  -2.1996756e-01
  -8.4273676e-01   6.8058214e-01
   1.9632539e+00  -1.2519094e+00
   1.2661409e+00   6.3820232e-01
  -1.2265617e-01   1.0394330e+00
   3.4619368e-01   7.6161193e-01
  -1.8389600e-01   1.1691809e+00
   8.6296395e-02  -1.5027261e+00
   1.4154883e+00  -1.0490794e-03
   7.8326530e-01  -4.2903623e-01
  -4.4025340e-01   6.5135809e-02
   7.5422455e-01  -6.1485602e-01
  -3.1027375e-01  -2.0046234e+00
  -4.4376307e-01   1.0635475e+00
   7.6854344e-02   1.6853709e+00
   2.1985414e-01   4.8794601e-01
  -9.8853732e-01  -1.1385173e+00
   1.9759439e+00   1.1049752e+00
  -2.3415397e-01   1.2870102e-01
  -1.6256591e-01  -1.6615813e+00
   3.7353632e+00  -1.2134911e+00
  -1.4020245e-01  -3.4168999e-01
   7.9772171e-02  -1.0171599e+00
   7.7538880e-02  -8.4018767e-01
  -3.2229671e-01   4.3676669e-01
  -3.7111442e-01   1.0346268e+00
  -4.2207729e-01   9.4996114e-01
   1.0529368e+00  -1.0120746e+00
  -2.4737181e+00  -1.5654356e-01
  -1.5995188e+00  -1.3227368e-01
  -1.1972345e+00  -1.4274979e+00
   2.2738243e-02  -1.1325995e+00
  -1.1283090e+00  -1.8417157e-01
   2.3952568e-01   7.8388795e-01
  -4.7903985e-01   4.7081873e-01
  -1.0686922e-01  -1.3712208e+00
   2.7910013e-01   3.5227436e-01
   9.8699207e-01   4.3411945e-01
  -1.3258453e+00  -2.0646896e-01
   3.8089303e-01  -3.8586887e-01
  -2.0914944e-01  -1.5952251e+00
  -5.9354099e-01  -3.2216000e-01
   9.4423409e-02   2.2339142e+00
   3.4623138e-01   1.3511663e+00
   1.8524516e+00   8.4207540e-02
   7.8273679e-01   1.0308273e+00
  -1.2520271e+00   2.6441968e+00
  -3.7748539e-01  -5.7175719e-01
  -1.1012335e+00   7.3007825e-01
   2.5685026e-01  -1.0552598e+00
  -4.0361098e-01   1.7100998e-01
  -3.1329318e-01  -8.2048966e-01
  -3.9623133e-01   4.6043255e-01
   1.2350092e+00  -3.4075323e-01
   2.7588666e+00   2.4477769e+00
   6.1494361e-01  -7.4296546e-01
   7.8948403e-02  -5.3571248e-01
   2.1216520e+00  -9.1102471e-01
   1.6817459e-01  -1.3163560e-01
  -1.1350285e-01  -1.1900849e+00
   8.2928885e-01   3.3386589e-01
   1.5437314e+00   4.9611580e-02
   7.2506680e-01  -8.2874425e-01
   8.3518469e-01   5.2665058e-01
  -3.3197122e-01   8.4571394e-01
   1.0129750e+00   9.2157914e-01
   2.6718973e+00   5.2907279e-01
   7.4014716e-01  -3.3664523e-01
   2.6300198e+00   1.0147260e+00
  -6.5445110e-01  -1.9941036e+00
  -2.7370518e-01   6.5835394e-01
   1.1419518e+00   1.0490817e+00
  -2.1532596e-01  -3.5264110e-01
   1.5323572e-01  -3.5978517e-01
  -2.1659757e+00   2.0793778e+00
  -1.4186195e+00  -7.0992538e-01
  -2.9372102e+00  -5.3801782e-01
   6.7335640e-01  -8.6073313e-01
  -2.2015652e-01  -1.3191148e+00
   4.2067278e-02   3.0270995e-01
   9.8976750e-01   2.4875025e+00
  -6.2352928e-01   7.7532687e-01
   1.0719177e+00   2.7023288e-01
  -3.4775562e-01   1.6231727e+00
   1.8366618e-01   9.1355143e-01
  -1.0605393e+00  -4.1133871e-01
   1.6067290e+00   2.4311075e-01
   1.5965801e-01   6.7645783e-01
  -1.7362678e+00   5.7592035e-01
  -1.9675393e+00   5.4073980e-01
   2.7012218e-01   8.4291597e-01
  -4.5377206e-01   9.0940988e-01
   5.4415637e-01  -2.1886290e+00
  -5.4721006e-01  -1.2067830e+00
  -7.2346483e-01   7.1356510e-01
  -2.2728775e-01  -5.0265403e-01
  -1.1464080e+00  -6.2764687e-01
   2.1943918e-02   2.2844413e-01
  -1.5017522e+00   1.6803645e+00
   1.0439978e+00   3.7019611e-01
   1.1696401e+00   5.6870323e-01
   2.4284364e-01  -8.6524021e-02
  -5.9426783e-01   6.8893189e-01
   2.5030559e-01  -7.0844538e-02
  -8.5493995e-01   4.9959299e-02
   3.0464861e-01  -8.6721753e-01
  -5.7709929e-01  -5.5909821e-01
  -1.7675017e-01   1.0144008e+00
   4.4320022e-01  -6.6044522e-01
   2.9971666e-02   6.9448382e-01
  -3.8877065e-01  -5.5658340e-02
   1.6962247e-01   4.4402209e-01
   2.2675434e-01   6.5308428e-01
   7.8649808e-02   8.5277369e-01
  -4.6527220e-01   1.5717827e-01
   2.7814103e-01  -6.2488820e-01
   1.7334745e+00  -6.1398247e-01
  -2.4156493e+00  -1.9450346e-01
  -5.3194453e-01   1.1444105e+00
   1.0695849e+00   1.4000765e-01
   9.4643263e-01  -2.2893255e-01
  -7.7770007e-02  -7.4303205e-01
  -4.9460280e-01  -2.6817346e-01
   5.7250525e-01   5.2473663e-02
   1.3268397e-01  -1.4217958e+00
  -4.8525528e-02   6.6000287e-03
   1.1717658e+00   5.7132982e-02
   6.0836224e-01   6.9419251e-01
  -6.3350779e-02   2.8528972e-01
  -4.1666696e-02   1.1703027e+00
  -2.0036587e-01  -2.0710048e-02
   1.1772370e+00   1.3626971e+00
   9.2467897e-01   5.4522412e-01
   1.1867209e+00   1.7473455e-01
  -1.5808707e+00  -1.1520601e-01
   5.4203472e-01   1.3811548e+00
  -5.7322529e-01  -1.8735884e+00
  -1.7711521e+00  -1.0382694e+00
  -3.2193719e-01   8.4979035e-01
   6.2339116e-01   1.0339688e+00
   1.0629747e+00  -2.2799828e-01
   1.5294079e+00  -1.4168207e+00
   1.4949673e+00   8.9502765e-01
  -2.1924302e-01  -5.4776351e-01
  -1.9674060e+00  -1.0331442e-01
  -1.2937646e+00  -2.6075127e+00
   5.8767232e-01  -4.0092214e-01
   7.7929451e-01   2.2610395e+00
  -1.4378070e+00  -3.9504110e-01
  -1.7331886e-01  -1.5431781e+00
  -9.1456021e-01   1.2665612e+00
   1.0508498e+00  -1.2480763e+00
  -1.5518498e+00  -1.2221527e-01
   9.3373836e-01   1.7195305e-01
   9.4730055e-01   9.9496406e-01
   1.0667310e+00   4.9988184e-01
   3.4953245e-01   9.5696043e-01
   4.1992107e-01   7.3722568e-01
  -2.1863521e-01   1.3785888e-01
   2.8657834e-01   4.8408464e-01
  -2.1654341e-01   5.3697006e-01
   7.8528371e-01   1.2770661e+00
  -1.0881367e+00   3.6506778e-01
  -3.5068025e-02   1.7149215e+00
  -5.4119228e-01   2.3138276e+00
  -1.0982662e+00  -5.4048315e-01
  -8.7139246e-02  -1.5261333e+00
   3.6145125e-01  -1.9768834e-01
   4.5767118e-01  -3.3412556e-01
   2.1631246e+00   2.7315295e-01
   3.6189555e-01   2.6727772e-02
   4.7203541e-02   1.0685250e+00
  -1.2075313e+00   3.3610384e-01
  -1.6982088e-01  -5.1888592e-01
  -1.6884210e-01   1.6551076e+00
  -3.3147913e-01  -1.1191655e+00
  -6.0730045e-01   5.9197974e-02
  -7.2328223e-02  -2.9514388e-01
  -1.1564607e+00  -1.2186957e+00
  -3.4384547e+00  -6.7235522e-01
   2.7961763e-01  -4.4838732e-01
   5.0912924e-01  -1.1413469e+00
   6.0494653e-01  -1.7494222e+00
   8.8478899e-02  -2.2642686e-01
   1.2389907e+00  -2.0651653e+00
  -1.0220292e+00  -1.3686225e+00
   6.6845918e-01   1.4294617e-01
   8.6686220e-01   1.4792603e+00
  -1.2895987e+00   1.8970792e-01
   9.7912230e-01  -5.3246974e-01
   7.4899348e-01  -6.6851152e-01
  -1.4088229e+00   5.0336862e-03
   1.1078036e+00  -7.0109808e-01
   8.0712346e-01  -8.8302807e-01
  -1.4917112e+00  -2.6754860e-01
   2.3501498e+00  -1.8324231e+00
   5.2880953e-01  -5.8286223e-01
   1.1338244e+00  -5.8331423e-02
  -1.0029719e-01  -9.1545767e-01
  -1.9526165e+00  -3.9608189e-01
   6.4489604e-02  -8.5655621e-01
  -3.4351926e-01   5.1143379e-02
   9.3354554e-01  -1.0752473e+00
   3.4337972e-01  -2.0950300e-01
  -2.6495874e-01  -5.0845885e-01
   2.2772952e-02   1.4398537e-02
   4.9862227e-01  -3.4320047e-02
   3.8649466e-01   1.0176471e-01
  -2.5362024e-01  -9.7314568e-01
   6.8911635e-01   1.5988627e+00
  -6.2040008e-01  -1.6277088e+00
   1.3241895e+00   7.2650140e-01
  -4.2916259e-01   1.4869883e-01
  -6.8774533e-01  -9.4829273e-01
  -2.1806803e+00  -1.0702584e+00
   1.8701872e+00   8.8602354e-01
   4.8055280e-01   9.5096660e-02
   4.5553264e-01  -5.6676646e-01
   1.0350427e-01  -2.0434532e+00
  -1.0127508e+00  -2.8599611e-01
   1.4542250e+00   4.5654914e-01
  -7.2289551e-02  -2.2440687e-01
   1.5998645e+00   2.0075246e+00
  -9.5386913e-01  -2.3587453e-01
  -1.3007204e-01  -4.1623399e-01
   5.6784048e-01  -7.1051775e-01
   3.2586216e-02   1.3777756e-01
   5.2986353e-01   3.2044514e-01
   6.8157790e-01  -9.5494089e-01
   1.5923507e+00  -8.5842201e-02
   1.1953952e+00   1.3749557e+00
  -2.0704883e-01   9.8243542e-01
   1.2878348e+00  -3.3509380e-01
  -8.3498036e-01   6.6577087e-01
  -1.3921398e+00   4.3903374e-01
  -1.0842893e+00  -8.6345540e-02
  -1.4345259e+00   7.8266197e-01
  -7.1989147e-01   2.5370753e-01
  -2.9345219e-01   4.7399393e-01
  -1.4171338e+00   2.1815384e-01
   8.1091454e-01   1.8166182e-02
   1.0707840e+00  -5.5733162e-01
  -1.5612684e+00   1.2209557e-01
  -2.5779014e-01   4.7399660e-01
   1.4793224e-01   1.5008116e+00
   2.2286471e+00   7.9435425e-01
  -4.8859018e-01  -1.2332985e+00
   6.4444939e-01  -3.1337100e-01
  -2.3777667e-01   1.0269937e+00
   2.5287105e+00  -6.9112044e-01
   1.1545949e+00   3.6081568e-01
   5.3460234e-01   1.3865921e+00
   8.5129880e-01  -1.2438285e+00
  -8.8370923e-01  -8.0294249e-01
   5.2952267e-01  -1.5058256e+00
  -1.1782505e+00  -6.1008340e-01
   1.5046809e-01  -4.5669832e-01
   6.0149099e-01  -1.8663906e-01
   7.3791611e-01  -1.0525409e+00
   1.1927747e+00   7.8331023e-01
   9.9461843e-01   7.3762041e-01
  -1.0598194e+00  -1.8452325e+00
   1.7661880e-01   4.9616752e-01
   8.6849793e-01  -3.5599496e-02
   1.1233695e-01   5.7176720e-01
  -1.0565791e+00   6.1670417e-01
  -1.7060543e+00  -7.0555744e-01
   4.0843292e-01  -9.8912021e-01
   5.1550687e-01  -4.4879206e-01
  -9.7010218e-01  -1.3950075e+00
  -4.9223156e-01  -6.9690868e-01
  -1.4237773e+00  -3.6653500e-01
   1.0879504e+00  -7.6657958e-01
   1.4124858e+00   8.0047530e-01
  -3.9492778e-01  -1.2372407e-01
  -4.4353072e-01  -1.6391668e-01
  -2.8938246e-01   8.2980127e-01
  -4.4955491e-01   1.0040238e+00
  -2.5626101e+00   9.9366249e-02
  -4.3740955e-01   3.0911095e-02
  -3.3294065e-01  -1.7542073e+00
   9.7254108e-01   6.5626249e-01
  -8.0669503e-01   4.6305640e-01
   1.0999232e+00  -1.4136450e-01
  -6.8179186e-01  -4.1958936e-01
   2.1827028e+00   2.8346302e-01
   1.0122778e-01   6.2504134e-01
   1.3902729e-01  -1.6866434e+00
  -3.0906717e-01   1.0724968e-01
  -2.8130863e-01  -5.4628021e-01
   2.9480943e-01   3.7004866e-01
  -3.8680425e-01  -1.8456848e-02
   9.2408177e-01   9.9191962e-01
  -3.1628411e-01  -2.5903780e+00
   7.4212479e-01  -9.3649161e-04
   1.8677378e-01  -2.8767743e-01
   1.2481160e+00  -1.5502651e+00
  -7.8513822e-01  -7.5011720e-02
   4.7400951e-01   2.2275619e+00
   4.4024290e-01  -1.2271619e-02
  -1.7702710e-01  -9.6388437e-01
  -1.2135454e+00  -1.0055922e+00
   2.4029416e-01  -8.8917618e-01
  -1.6207659e+00   3.3392285e-01
  -3.3620286e-01   1.1199562e+00
   9.4295215e-01   3.3219395e-01
   6.2962637e-01  -3.1928414e-01
   8.8873905e-01   1.3148925e+00
  -1.7502320e-02  -1.7764490e+00
   6.5905839e-01  -4.1527030e-02
  -1.4423890e+00  -1.4145574e-01
  -5.3373302e-02  -1.6733954e+00
  -7.8221319e-01  -2.2545978e-01
  -2.3602901e-01  -1.7276233e-01
  -1.1873753e+00  -5.4235116e-01
   4.3679655e-01  -7.5216500e-01
   1.2440975e+00  -9.4815611e-01
   3.6677107e-01   8.1576762e-01
  -5.2270434e-01   2.4024525e-03
   8.3391100e-01   9.4640402e-01
   2.4429739e-01   3.7959707e-01
  -3.2599902e-01   2.9197291e+00
  -1.3491810e+00   5.7607479e-02
  -1.5895290e+00  -4.9001811e-01
  -1.8984443e+00   1.6622992e+00
   8.8972866e-01  -2.5658169e-01
  -9.7202823e-01   4.7091758e-01
  -2.8907512e-01  -3.3220580e-01
  -4.6116111e-01   1.2398345e-01
   2.9881151e-03   1.0206864e+00
   1.4528435e+00   5.0532386e-01
   1.0625121e+00  -1.0573696e+00
   1.8745974e+00   7.5831632e-01
  -1.1742218e+00   1.7072586e+00
  -9.8764505e-01  -1.0348421e-01
   1.3706723e-01  -8.8126016e-01
  -1.9495185e-01   2.2748530e+00
  -1.8867026e+00  -1.0548670e+00
   1.1537825e+00  -1.4976916e+00
   1.1322799e+00  -8.8161050e-01
   1.6758675e+00  -5.1513236e-01
   1.0617095e+00   2.1706427e+00
   1.2721220e+00  -4.0393926e-01
  -1.0715593e-01   3.6732701e-01
  -5.9316614e-02   4.9035090e-01
  -5.8890729e-01   3.1464543e-01
  -3.0975551e-01  -1.5034574e+00
   8.9097255e-01   4.7087568e-01
  -2.3600040e+00   2.6287268e-01
  -1.1350503e+00   9.9149297e-01
  -5.7508090e-01   8.4323139e-01
  -9.6184297e-01  -5.2795364e-01
  -2.5133826e+00  -7.6470518e-01
   5.4777629e-02   6.6754744e-01
  -2.5459890e-01   1.5839261e+00
   2.2617769e+00  -1.4651316e-01
   2.2127437e-02   1.8289932e-01
   1.7513212e+00   1.2255227e-01
  -1.5168962e+00  -9.9373980e-01
   4.2650673e-02   9.0167567e-01
   5.6765136e-01   3.7470164e-01
   6.6784647e-01  -8.2988802e-01
   4.9437828e-01   6.8090931e-01
   2.3600128e+00  -1.6006500e-01
   5.3004066e-01   1.0448643e+00
  -5.5465614e-01   1.2484676e+00
  -1.5280680e+00   2.8057827e-01
  -3.8262711e-01  -6.6086721e-01
  -4.0431337e-01   3.7533821e-01
  -1.0759636e-01  -1.3536019e+00
  -5.5683678e-01   1.6588326e+00
  -1.1344927e+00   9.3579013e-02
  -9.9991359e-02   2.4523783e-01
   9.9777646e-01  -1.5195549e+00
   8.8773621e-01   8.2734762e-02
  -4.5124352e-01  -1.9309003e+00
  -6.7275018e-01  -7.6944869e-01
  -5.3867392e-01  -1.0538230e-01
  -3.4775781e-01   1.3972396e+00
   1.5700318e-01  -1.1158092e+00
   1.6937429e+00  -6.7122081e-02
   1.1043919e+00  -6.2033430e-01
  -1.5497861e-04  -3.1479876e-01
   9.2346492e-01   1.6808486e+00
  -7.4900570e-01  -1.4143083e+00
   3.7713223e-01  -1.4222451e+00
  -1.3146326e+00   3.2492634e-01
   1.2454604e+00   2.6307078e-01
  -1.5046113e+00  -6.2215765e-01
   1.2909417e+00  -4.7020607e-01
  -4.8730848e-02  -3.5494042e+00
   1.3667161e+00   3.4115893e-01
   9.8435642e-02  -2.3122414e+00
  -1.4941023e+00  -1.3875917e+00
  -8.1005582e-02  -6.8824453e-02
   7.3064947e-01   5.0557249e-01
  -1.0515595e+00  -6.4698544e-01
   3.4400859e+00   5.9611195e-01
   1.1946085e+00   1.1177153e+00
   5.1307084e-01  -2.2206137e-01
  -8.7149436e-01   3.4836199e-02
   1.6061912e+00   2.0116177e+00
  -2.6832013e-02   1.1900508e-01
  -1.2575485e+00  -4.7865484e-01
  -3.3291201e-01  -9.7868216e-01
   1.5629705e+00   1.5338277e+00
  -6.4228341e-03   1.0464672e+00
   1.1957102e+00  -5.1064266e-01
   1.9109726e-01   1.1443122e-01
   2.0239133e-01   8.0519060e-01
   6.3056530e-01   4.7842330e-01
  -3.5611170e-01   3.8253263e-02
  -7.4877657e-01  -2.9353328e-01
  -2.0523035e+00   1.4324925e+00
  -4.7578591e-01   2.1928837e-01
  -2.6221692e+00   1.7076619e+00
  -2.9591267e-01  -1.0487265e+00
  -3.4677629e-01   1.2021533e+00
  -5.3902194e-01   1.5108853e+00
   9.9175604e-01   2.5820079e+00
   1.9665540e+00  -8.7021474e-01
   1.5118271e+00  -9.6224843e-01
   7.1739644e-01  -8.4620789e-01
  -6.6675599e-01  -1.0474539e+00
  -1.0137163e-01  -4.5885438e-01
  -1.6874036e+00  -1.9729519e+00
   4.7963340e-02   2.9799669e-02
   9.1518487e-01   1.5629697e+00
   1.4061937e-01   1.1815482e+00
   1.4346249e+00   2.0938513e+00
  -2.1491072e-01  -5.6823808e-01
   3.5745604e-01   1.0880087e+00
   8.9029880e-02   1.3541512e+00
  -7.0937253e-01  -2.3101011e-01
   4.1875724e-01  -5.1478171e-01
  -1.3037469e-01   1.6391502e-01
   7.5711581e-03   1.2776743e+00
  -9.4688464e-01  -1.6706365e+00
  -1.5301990e-01   3.1812562e-01
  -7.7153733e-01  -5.4495489e-01
   5.1148797e-01  -5.2106427e-01
  -1.3251032e-01  -8.9115750e-01
   1.1636162e+00  -4.7849728e-01
   1.9925718e+00  -1.1674181e+00
  -8.7702559e-01  -6.0413477e-02
  -5.7788542e-01  -1.8673130e+00
   1.8875584e+00   6.5504538e-01
   5.1134423e-02  -2.9876612e-01
   2.3163954e+00   3.5213151e-01
   7.0476435e-01  -1.4929959e+00
  -1.4460708e+00  -1.2019256e+00
  -9.6839441e-01  -7.7430507e-01
  -6.1635409e-01   1.7199484e-01
  -1.5991686e-01  -7.5235220e-01
   1.1959611e+00  -3.3343988e-01
   2.3381575e-02  -9.2896406e-01
   8.0632891e-01   1.0408322e+00
  -1.6291639e+00   3.4176295e-01
  -1.7414801e+00   3.9164085e-01
  -1.3712462e-01  -2.1877110e-01
   7.7529972e-01   2.3428495e-01
  -3.3825736e-01   1.8982451e+00
   5.9957313e-01  -1.2333062e+00
  -5.7306865e-01   5.1287160e-02
  -7.5670514e-01   1.7058843e+00
  -7.9528131e-01   6.2428519e-01
   4.3654443e-01   3.1757079e-01
   1.0191133e+00   1.4059941e+00
  -3.2454070e-01  -8.1001292e-01
  -1.0425207e+00  -8.8414477e-01
   1.2027092e+00   9.4275231e-01
  -1.1273180e+00   9.7278491e-01
   3.5290039e-02   5.6096597e-01
  -1.3781111e+00   1.0002980e+00
  -5.7386971e-01  -8.7057463e-01
  -1.3088627e+00  -1.3393281e+00
   1.9668017e-01   9.0902295e-01
  -2.1757671e-01  -7.1334351e-01
   1.9836305e+00  -3.5978447e-01
  -7.7525418e-01   5.7295812e-01
  -4.6040667e-01  -9.8494226e-02
  -1.5095467e-01   2.0121592e+00
   1.5759621e+00   9.6147247e-01
  -1.7113004e-01   8.9898775e-01
   9.3700730e-01   1.2528784e+00
  -1.3319670e+00  -4.1170422e-01
   2.0204415e+00   6.1381996e-01
   3.0216016e-01   1.5922696e+00
   1.1019356e+00  -1.3135739e-01
  -8.8472952e-01   6.4625166e-01
  -1.8199500e-01  -2.2797853e-03
   9.8973982e-02  -1.5952973e+00
   1.7567594e+00   9.3882081e-01
  -8.0058781e-01   1.3361851e+00
   1.8638235e-01  -1.2509346e+00
  -4.4830886e-01  -1.2966384e+00
  -3.6619823e-01  -1.3256364e-03
  -1.0584840e+00  -2.4236022e+00
  -2.4171523e-01   5.0253743e-01
  -1.7079042e-03  -7.7154455e-01
  -1.0535914e+00   7.0595839e-01
  -5.2053368e-01  -2.6030221e-01
  -4.1887381e-01  -4.5133271e-01
  -2.2089170e-01   1.5865200e+00
   1.2208289e+00  -1.0146273e-01
   1.6271308e-01  -8.3106034e-01
  -1.3688333e+00   1.2063894e+00
   1.3897473e+00  -2.0076408e-01
  -6.4280391e-01  -1.3840316e+00
   9.3170074e-02   5.7741818e-01
  -3.7463470e-01  -6.0465251e-01
   6.5801264e-01   6.9389631e-01
   3.2624461e-01  -1.4164184e-01
   3.7723934e-01  -1.1160462e+00
  -7.1833586e-02   6.6598887e-02
  -8.0579980e-01  -1.6450347e+00
  -3.9358129e-01   1.3350657e+00
  -2.7577936e-01   4.0518565e-01
   1.1472636e+00  -2.7056925e-01
   3.8948343e-01  -5.7824120e-01
  -6.3216087e-01  -1.3074152e+00
   5.2467853e-02   4.1784621e-02
  -6.8810403e-01  -1.1510031e-01
  -2.7894172e+00  -7.7034840e-02
  -5.7497206e-01  -4.3684820e-01
  -1.4792830e-01  -6.8295998e-01
  -9.4987584e-01  -1.2510348e-01
   6.2468182e-01   1.5721866e-01
  -1.2334816e+00   2.3995871e-01
  -2.7238259e-01  -5.9767887e-01
  -1.3356879e+00  -1.2113412e+00
   1.1228524e+00   1.3461276e+00
  -3.7119187e-01   6.6145654e-02
  -4.6844907e-01   2.2977278e-02
  -8.0016645e-01   1.4549194e+00
  -1.4519950e+00  -6.6493260e-03
  -2.5419194e-01  -4.6694953e-01
   4.8811938e-02  -1.4050114e+00
  -4.6006477e-01   1.1523086e+00
  -4.1836127e-01   8.6178375e-01
   8.0035030e-01   1.0182329e+00
   9.0429870e-01  -8.5781308e-01
  -1.5091690e+00   1.1523138e-01
   1.6751471e+00   1.0396041e+00
   3.6315854e-02   3.6406884e+00
  -7.7256666e-01   2.6325946e-01
  -2.4555524e+00   5.0763146e-01
   2.7895610e-01  -3.2363739e-01
  -5.4489084e-01  -2.2458101e+00
   8.8458202e-02   1.6644446e+00
  -3.4864146e-01  -2.3345883e-01
  -7.3118025e-01   2.8445600e-01
   1.9954889e-01   6.4502848e-01
   7.8290142e-01   8.1463979e-01
  -1.2234789e+00  -1.2091044e+00
   5.5219104e-01  -5.0055822e-02
   2.1079838e-01  -1.2115803e+00
   2.0242978e+00  -1.5028460e+00
  -7.2914151e-01  -1.7680192e-01
  -2.6989746e-01   7.4386612e-01
   1.7965348e-01   8.1294031e-01
  -1.0954370e+00  -1.1883481e+00
  -7.0298598e-01   1.3021301e+00
   7.8963870e-01  -5.7673520e-03
  -1.1913269e+00   7.0110459e-01
  -4.1592838e-01   2.7509403e-02
  -3.7656991e+00  -7.4838413e-01
  -5.0924528e-01   4.1648333e-01
   3.5814580e-01   4.3622481e-01
   2.8135721e-02  -8.7096942e-01
  -1.0562973e+00   1.7314085e+00
   1.2538967e+00   3.8978992e-01
  -8.2596129e-02  -1.9138542e+00


