  -2.7596723e+00   5.4629026e+00
  -3.6473345e+00   4.8176939e+00
  -3.0279126e+00   3.6876662e+00
  -2.4891940e+00   5.1848722e+00
  -3.3777683e+00   4.7404611e+00
  -5.3403000e+00   7.0956474e+00
  -4.0691841e+00   5.4295982e+00
  -4.5027418e+00   7.6755995e+00
  -2.7706944e+00   6.5994633e+00
  -2.6081490e+00   4.0965547e+00
  -7.7087751e-01   5.1933805e+00
  -2.8172334e+00   5.5988154e+00
  -1.7483982e+00   5.6414490e+00
  -1.3135488e+00   5.9034450e+00
  -3.6914829e+00   7.3871082e+00
  -2.0095546e+00   6.8372325e+00
  -2.1295455e+00   6.0032275e+00
  -3.7929020e+00   6.6225318e+00
  -2.3121752e+00   7.5164167e+00
  -2.2099809e+00   6.1486005e+00
  -2.7406967e+00   5.3272832e+00
  -3.5045974e+00   5.5551734e+00
  -2.2029437e+00   6.8392324e+00
  -2.7831731e+00   5.5556455e+00
  -4.5396683e+00   6.7762473e+00
  -2.4452581e+00   6.7419139e+00
  -2.6787581e+00   6.3941754e+00
  -2.3230597e+00   7.1038760e+00
  -3.5720464e+00   3.9309548e+00
  -1.4044270e+00   6.2659229e+00
  -1.9758500e+00   6.9499394e+00
  -1.2242163e+00   5.7769302e+00
  -3.3475746e+00   5.1007499e+00
  -2.1408147e+00   5.6660047e+00
  -2.5506479e+00   4.8626938e+00
  -2.0625062e+00   6.3872317e+00
  -3.3721060e+00   6.2728508e+00
  -3.2844804e+00   8.0304300e+00
  -4.6431110e+00   6.7941212e+00
  -3.0679903e+00   7.5400447e+00
  -2.3363771e+00   5.6461183e+00
  -2.5298762e+00   6.3568802e+00
  -4.1656976e+00   5.3275323e+00
  -2.9503751e+00   6.9665511e+00
  -3.3955612e+00   7.9625775e+00
  -2.9772845e+00   4.6295919e+00
  -2.0479032e+00   5.5087131e+00
  -3.3598576e+00   6.3854983e+00
  -3.4871164e+00   7.2197751e+00
  -2.8992748e+00   7.4327358e+00
  -4.3415873e+00   6.1795448e+00
  -3.7874592e+00   4.3517213e+00
  -3.3512457e+00   6.7669334e+00
  -2.5869799e+00   5.2360051e+00
  -3.6368708e+00   5.7926059e+00
  -2.5551945e+00   8.4981355e+00
  -2.6192437e+00   5.5938088e+00
  -8.9248401e-01   6.9737309e+00
  -2.3615982e+00   6.1893204e+00
  -3.9145174e+00   5.0014572e+00
  -1.9009952e+00   6.3177097e+00
  -2.3350251e+00   5.7502755e+00
  -3.3651378e+00   7.5894073e+00
  -2.1117245e+00   6.3598092e+00
  -1.9333174e+00   5.9577917e+00
  -3.1022751e+00   5.9308796e+00
  -4.5664647e+00   7.5255915e+00
  -4.2307480e+00   6.6703820e+00
  -6.0404298e+00   3.8943235e+00
  -2.1878276e+00   5.5553766e+00
  -2.1276373e+00   5.4596992e+00
  -2.3154119e+00   4.7584926e+00
  -8.1893361e-01   5.7974197e+00
  -4.0000368e+00   6.5802882e+00
  -3.3279410e+00   6.2313338e+00
  -2.9314471e+00   6.0523081e+00
  -4.1129829e+00   8.7596638e+00
  -3.3410489e+00   5.6996176e+00
  -3.9388752e+00   4.9666606e+00
  -1.8949077e+00   5.2566284e+00
  -3.4880569e+00   6.2116905e+00
  -2.4179793e+00   6.5982064e+00
  -4.0039789e+00   6.7196060e+00
  -2.1965536e+00   6.2697995e+00
  -2.1062893e+00   6.5682340e+00
  -4.2166894e+00   6.7851644e+00
  -3.3751095e+00   5.5069511e+00
  -3.5724275e+00   5.5742671e+00
  -3.3476263e+00   5.4259063e+00
  -3.2554083e+00   5.9207548e+00
  -3.7633266e+00   6.0892056e+00
  -2.4117809e+00   5.1180440e+00
  -1.9437018e+00   7.0056190e+00
  -2.0710110e+00   5.2503414e+00
  -1.5256698e+00   7.5424256e+00
  -3.7613013e+00   6.4066511e+00
  -3.7168597e+00   6.6595632e+00
  -2.8737686e+00   6.0712230e+00
  -3.4096050e+00   4.2993143e+00
  -3.0922725e+00   5.6258569e+00
  -3.6174370e+00   4.6463467e+00
  -3.5427731e+00   6.4740584e+00
  -3.1607070e+00   5.9332927e+00
  -2.2543079e+00   6.1731469e+00
  -2.9135756e+00   6.6157984e+00
  -1.8605356e+00   5.7193459e+00
  -3.2966879e+00   7.5950736e+00
  -1.5816645e+00   6.4669732e+00
  -4.8902106e+00   5.1721710e+00
  -3.7917707e+00   4.8883128e+00
  -2.5700909e+00   6.0107477e+00
  -2.4338723e+00   5.2642327e+00
  -4.2100092e+00   5.0127455e+00
  -2.9089300e+00   6.1617652e+00
  -2.9769814e+00   6.7342134e+00
  -4.0183967e+00   4.5536964e+00
  -4.5205305e+00   7.6419420e+00
  -3.4598614e+00   5.1945483e+00
  -5.0746907e+00   6.8418687e+00
  -2.5366043e+00   4.3943632e+00
  -3.8783591e+00   6.0008481e+00
  -2.5597258e+00   6.3622053e+00
  -2.1049496e+00   6.6107036e+00
  -2.9981086e+00   6.3643134e+00
  -3.6748592e+00   7.8802035e+00
  -1.7636054e+00   6.6026374e+00
  -2.1258903e+00   4.9487543e+00
  -3.3622372e+00   6.4012101e+00
  -2.8075477e+00   4.2878933e+00
  -4.2415140e+00   6.2197935e+00
  -1.5919477e+00   6.6023820e+00
  -3.3296360e+00   7.7914128e+00
  -1.6094487e+00   8.7949566e+00
  -2.8094819e+00   6.9235637e+00
  -2.5828202e+00   7.7787828e+00
  -3.0433677e+00   5.8327226e+00
  -3.7326506e+00   4.3696317e+00
  -2.7516461e+00   5.6477021e+00
  -4.6006204e+00   6.0050263e+00
  -2.6981937e+00   5.6030800e+00
  -3.5085053e+00   7.5948911e+00
  -4.4849361e+00   6.3043247e+00
  -3.8177686e+00   7.7296020e+00
  -4.2493172e+00   6.4066889e+00
  -2.2077502e+00   6.7941213e+00
  -2.6684460e+00   7.4476308e+00
  -2.1921815e+00   6.9091759e+00
  -5.4711851e+00   5.2691901e+00
  -3.4218479e+00   7.2265497e+00
  -1.4239916e+00   5.7383299e+00
  -2.0924408e+00   5.9910616e+00
  -2.7630596e+00   5.8483812e+00
  -4.7385844e+00   6.7708024e+00
  -3.4680047e+00   5.2177468e+00
  -4.0826929e+00   6.9506889e+00
  -2.0153938e+00   4.6131972e+00
  -3.9702044e+00   5.9485206e+00
  -1.9647658e+00   5.3334799e+00
  -3.7118618e+00   5.8223618e+00
  -4.3815510e+00   5.9125122e+00
  -4.1209868e+00   5.8280900e+00
  -4.0350277e+00   4.9211239e+00
  -2.5332868e+00   5.9834580e+00
  -2.9331187e+00   6.7012922e+00
  -4.3184809e+00   5.0448290e+00
  -2.1247402e+00   6.3221852e+00
  -3.7780035e+00   5.5790487e+00
  -2.8231082e+00   7.2033856e+00
  -2.9766641e+00   7.3338866e+00
  -1.4970935e+00   6.0028259e+00
  -4.7246199e+00   5.3770565e+00
  -2.8351845e+00   5.8002762e+00
  -1.3324649e+00   6.3627501e+00
  -3.5973830e+00   6.2280284e+00
  -3.0734327e+00   5.4271831e+00
  -2.1907408e+00   6.4162239e+00
  -3.9986183e+00   5.4964663e+00
  -3.8810436e+00   7.7331264e+00
  -3.6277874e+00   4.8394886e+00
  -1.0915188e+00   6.2052433e+00
  -1.3475612e+00   6.4011495e+00
  -1.9141618e+00   5.7328115e+00
  -3.0926086e+00   5.9219971e+00
  -3.9300340e+00   6.6832327e+00
  -2.5310482e+00   5.8655692e+00
  -3.2440324e+00   6.8386852e+00
  -1.4448438e+00   6.2034526e+00
  -1.9325974e+00   5.8110403e+00
  -3.1661974e+00   5.4278468e+00
  -1.6418422e+00   6.6967006e+00
  -2.0140279e+00   6.6244232e+00
  -3.8571419e+00   4.7819962e+00
  -1.7928708e+00   8.7645783e+00
  -3.1867138e+00   6.0859859e+00
  -2.3980509e+00   5.6641528e+00
  -3.1903652e+00   9.0720743e+00
  -5.3814776e-01   5.1861552e+00
  -2.5242021e+00   6.5213076e+00
  -4.0482551e+00   5.9692543e+00
  -4.2809856e+00   4.7995839e+00
  -2.0654721e+00   7.2535741e+00
  -3.9565579e+00   6.6194905e+00
  -4.1921844e+00   8.1084803e+00
  -1.7437774e+00   4.1863339e+00
  -3.3362488e+00   5.9209228e+00
  -3.0335095e+00   7.0580758e+00
  -2.1444031e+00   5.3110440e+00
  -2.9964322e+00   4.9850793e+00
  -1.2576652e+00   4.6034271e+00
  -3.4444356e+00   4.4916015e+00
  -3.8459416e+00   4.8763675e+00
  -2.5379515e+00   4.9286866e+00
  -3.1715085e+00   4.7075452e+00
  -2.3235788e+00   3.8653229e+00
  -4.5344506e+00   5.6222627e+00
  -3.3817776e+00   6.6694609e+00
  -2.5739378e+00   4.9658028e+00
  -1.8064167e+00   6.8417706e+00
  -2.3510192e+00   5.8676549e+00
  -3.2062829e+00   7.3856668e+00
  -1.9344498e+00   6.4345798e+00
  -3.4593334e+00   7.5419202e+00
  -2.6224219e+00   5.5351557e+00
  -3.0001523e+00   7.2682590e+00
  -1.2796586e+00   8.1042813e+00
  -2.9904686e+00   5.6643467e+00
  -2.6493746e+00   6.6483695e+00
  -1.9974046e+00   3.4234383e+00
  -3.5844010e+00   5.1084826e+00
  -2.5569595e+00   7.8753744e+00
  -4.4149522e+00   6.4658567e+00
  -2.0445197e+00   5.8976976e+00
  -3.9273696e+00   6.1483059e+00
  -3.3242546e+00   5.9881061e+00
  -2.3952298e+00   5.1979946e+00
  -1.6307173e+00   8.0536910e+00
  -1.7654115e+00   4.5849607e+00
  -2.9373386e+00   5.3058956e+00
  -4.0375295e+00   5.8979684e+00
  -3.1501142e+00   6.2263799e+00
  -3.4348014e+00   5.6617641e+00
  -2.5124626e+00   6.6308870e+00
  -2.7998978e+00   6.5823816e+00
  -3.5738717e+00   5.9446834e+00
  -2.2934165e+00   4.8676494e+00
  -2.7239733e+00   5.7557353e+00
  -4.0406994e+00   5.4822526e+00
  -4.1240545e+00   6.4618469e+00
  -3.7335182e+00   4.3278017e+00
  -2.7036045e+00   6.4115979e+00
  -3.8825144e+00   4.8566333e+00
  -2.2786577e+00   6.1562480e+00
  -2.0628644e+00   5.7399627e+00
  -2.9630252e+00   6.4933730e+00
  -2.9341727e+00   6.3621211e+00
  -2.7507985e+00   4.6778795e+00
  -3.1146004e+00   7.1510546e+00
  -4.7163597e+00   6.3659572e+00
  -2.9160216e+00   5.7759971e+00
  -3.6527973e+00   6.9053337e+00
  -3.6583715e+00   6.0569795e+00
  -2.3195621e+00   6.4776222e+00
  -2.1225446e+00   7.0099947e+00
  -4.6220174e-02   6.5017109e+00
  -3.9064255e+00   4.9675950e+00
  -3.9397121e+00   5.5088446e+00
  -3.6271153e+00   6.8545817e+00
  -2.5215042e+00   5.3499304e+00
  -2.4714888e+00   5.8307456e+00
  -3.0291572e+00   4.9745363e+00
  -4.1876464e+00   6.6688940e+00
  -2.2356560e+00   4.8150195e+00
  -1.7503650e+00   4.7405109e+00
  -4.5078962e+00   6.2101056e+00
  -2.1163572e+00   5.4644091e+00
  -3.1042721e+00   6.6527605e+00
  -2.4833122e+00   5.3956500e+00
  -2.2394598e+00   6.5505800e+00
  -4.2344440e+00   7.6271199e+00
  -1.4579360e+00   4.6713029e+00
  -4.4227720e+00   5.4623863e+00
  -3.2789093e+00   6.9280488e+00
  -2.3052343e+00   6.7394125e+00
  -3.8555278e+00   4.1305663e+00
  -5.2011325e+00   5.2119871e+00
  -3.6702163e+00   5.6047617e+00
  -2.9124043e+00   5.3478471e+00
  -4.5933201e+00   4.5882876e+00
  -5.1137555e+00   6.3761639e+00
  -4.7014048e+00   5.9907386e+00
  -2.2597821e+00   5.1728030e+00
  -3.4088466e+00   6.3072787e+00
  -3.5891335e+00   6.9040767e+00
  -3.6478416e+00   6.0009167e+00
  -2.1918540e+00   5.5336405e+00
  -4.9342289e+00   5.7628965e+00
  -4.6958714e+00   6.1302945e+00
  -2.5570043e+00   4.9968644e+00
  -2.1779872e+00   5.8728285e+00
  -4.6832702e+00   5.9600045e+00
  -2.0070554e+00   3.7680024e+00
  -3.9617383e+00   6.3953371e+00
  -3.2172059e+00   4.8531334e+00
  -1.7310686e+00   4.7088584e+00
  -2.3562615e+00   7.4423195e+00
  -4.8736373e-01   5.4115825e+00
  -1.5880688e+00   5.9899558e+00
  -3.7887780e+00   8.3576293e+00
  -3.0266026e+00   5.5975297e+00
  -2.2319856e+00   4.3110734e+00
  -2.5018313e+00   6.6307438e+00
  -5.6158498e+00   6.3967108e+00
  -3.5814420e+00   6.7392902e+00
  -3.4983890e+00   5.1622212e+00
  -3.3141163e+00   5.7890396e+00
  -4.2593125e+00   6.0319391e+00
  -4.2290907e+00   5.9039350e+00
  -1.7199037e+00   6.9617043e+00
  -2.4479964e+00   4.7156047e+00
  -2.2023924e+00   5.6388769e+00
  -1.6295543e+00   6.5175377e+00
  -2.5212588e+00   5.5860282e+00
  -3.3668207e+00   4.2471246e+00
  -3.1947573e+00   6.6692112e+00
  -2.9878125e+00   4.0218867e+00
  -2.5559131e+00   6.7127505e+00
  -3.5042855e+00   7.1544621e+00
  -2.4079888e+00   5.6953954e+00
  -4.3107744e+00   6.5490525e+00
  -3.8805609e+00   5.6614383e+00
  -2.6916549e+00   5.4899679e+00
  -5.0518914e+00   6.1443718e+00
  -3.3616859e+00   5.4207490e+00
  -2.7863982e+00   7.3092700e+00
  -2.8615190e+00   4.9578576e+00
  -2.3351317e+00   5.9395416e+00
  -2.3973211e+00   6.8795375e+00
  -1.9919774e+00   6.3433304e+00
  -3.5883375e+00   5.0110913e+00
  -2.4877882e+00   4.6815394e+00
  -4.1255248e+00   6.6620277e+00
  -3.4182413e+00   6.0712331e+00
  -3.4221286e+00   6.5584106e+00
  -1.7857718e+00   6.9963165e+00
  -2.0913888e+00   5.4404416e+00
  -2.8942890e+00   6.3361881e+00
  -3.1364654e+00   8.6901408e+00
  -3.5793890e+00   4.6800617e+00
  -2.4275761e+00   4.8807942e+00
  -4.5362679e+00   5.4425886e+00
  -2.4320623e+00   7.0163572e+00
  -2.0800093e+00   6.1822090e+00
  -3.5785190e+00   6.9496491e+00
  -3.4678703e+00   5.4120224e+00
  -1.4321436e+00   6.4882345e+00
  -4.3380505e+00   5.4756763e+00
  -3.9733705e+00   6.1173728e+00
  -1.0958733e+00   5.6938201e+00
  -4.7326691e+00   6.3517802e+00
  -2.9712307e+00   6.3796092e+00
  -2.2578958e+00   7.3097767e+00
  -4.9283636e+00   5.1757386e+00
  -1.7973077e+00   4.0757080e+00
  -4.7364376e+00   8.2993876e+00
  -5.3182458e+00   5.9896171e+00
  -2.6854947e+00   5.7122342e+00
  -5.5309057e+00   5.2803142e+00
  -2.8874160e+00   6.4760741e+00
  -2.7918739e+00   5.0091392e+00
  -3.9300063e+00   6.3757687e+00
  -3.5592428e+00   3.9011854e+00
  -3.6900885e+00   4.3191453e+00
  -4.9952040e+00   6.9225268e+00
  -4.1449013e+00   6.0143555e+00
  -2.2453164e+00   5.3901109e+00
  -2.3827023e+00   6.3385628e+00
  -4.3291326e+00   7.6657231e+00
  -3.8440742e+00   7.4473262e+00
  -3.3041855e+00   7.7296985e+00
  -5.2793744e+00   7.1441650e+00
  -2.6975987e+00   5.7552829e+00
  -2.7071140e+00   5.6744741e+00
  -3.4818178e+00   7.6484332e+00
  -2.6197821e+00   5.4620780e+00
  -3.4740849e+00   6.0683306e+00
  -3.2383498e+00   5.1898452e+00
  -3.7543484e+00   5.4844596e+00
  -5.2971575e+00   3.8694831e+00
  -3.5917666e+00   6.6315119e+00
  -8.5792761e-01   5.8780259e+00
  -1.6869130e+00   6.2577986e+00
  -3.0368984e+00   4.2977959e+00
  -2.2660439e+00   3.9233259e+00
  -3.6498273e+00   5.6431706e+00
  -3.7723436e+00   4.3053248e+00
  -3.7756587e+00   4.8553904e+00
  -3.2436940e+00   6.0942498e+00
  -3.1130371e+00   6.0469657e+00
  -3.1120089e+00   7.2358391e+00
  -1.6168825e+00   6.4750290e+00
  -3.3097238e+00   5.8525122e+00
  -2.6798803e+00   6.3781965e+00
  -2.6798550e+00   6.7241954e+00
  -2.9319838e+00   6.6466597e+00
  -3.0408113e+00   6.0643385e+00
  -1.6838456e+00   5.5185036e+00
  -2.2895849e+00   6.9037978e+00
  -2.4228271e+00   5.8940242e+00
  -1.6271137e+00   5.0350530e+00
  -3.2851772e+00   7.3245992e+00
  -1.3865496e+00   6.5556089e+00
  -2.6514588e+00   5.8034814e+00
  -1.0759149e+00   6.6691713e+00
  -3.0652822e+00   5.4396210e+00
  -1.9903942e+00   9.4768986e+00
  -2.5658231e+00   6.7887747e+00
  -3.9608413e+00   4.8795062e+00
  -2.9768950e+00   6.6984097e+00
  -2.9148194e+00   7.0697538e+00
  -3.1963296e+00   5.8837354e+00
  -1.7784717e+00   6.7553267e+00
  -2.5929652e+00   4.0109850e+00
  -1.4287523e+00   6.6948866e+00
  -2.9813199e+00   6.2294910e+00
  -2.7108294e+00   5.9407299e+00
  -5.1446152e+00   5.9122008e+00
  -4.7838999e+00   5.6991445e+00
  -3.8572699e+00   6.0197860e+00
  -3.3936982e+00   7.4543478e+00
  -2.1831593e+00   6.5159885e+00
  -4.0998059e+00   5.0649552e+00
  -3.4948625e+00   4.9668646e+00
  -2.7187663e+00   4.9944382e+00
  -4.1966858e+00   5.8976210e+00
  -2.0259392e+00   6.6145855e+00
  -2.4810813e+00   5.1336585e+00
  -3.6378267e+00   4.8485659e+00
  -4.1000233e+00   3.9519865e+00
  -2.2658561e+00   4.6309091e+00
  -3.6647825e+00   5.0044877e+00
  -2.2307643e+00   6.4926699e+00
  -3.2280244e+00   7.4107479e+00
  -3.5937567e+00   4.0524818e+00
  -2.4270599e+00   7.4940279e+00
  -3.1149239e+00   7.2275362e+00
  -1.1974507e+00   4.3295042e+00
  -3.6428306e+00   5.5119890e+00
  -3.6427321e+00   6.4465072e+00
  -2.8564747e+00   4.1712622e+00
  -2.3607526e+00   3.5590295e+00
  -1.1268497e+00   5.7375293e+00
  -1.8512134e+00   6.7460929e+00
  -5.3920527e+00   6.5525674e+00
  -3.0589551e+00   5.2513355e+00
  -2.3424566e+00   6.5087107e+00
  -4.1814257e+00   5.4185313e+00
  -3.8991981e+00   5.1956071e+00
  -1.9909063e+00   4.8210776e+00
  -1.9522951e+00   6.8815285e+00
  -2.8414660e+00   6.2888883e+00
  -1.9354399e+00   4.8408448e+00
  -3.7374757e+00   4.8867088e+00
  -3.5486534e+00   6.2490990e+00
  -2.6873189e+00   5.6472133e+00
  -3.5410209e+00   5.4517628e+00
  -1.0385284e+00   6.0873298e+00
  -8.7645979e-01   4.9421489e+00
  -2.9266770e+00   6.6554846e+00
  -2.2792312e+00   5.5430938e+00
  -2.6545978e+00   7.1157651e+00
  -2.7680659e+00   5.0301246e+00
  -3.8692330e+00   5.6464539e+00
  -3.4477779e+00   6.1990708e+00
  -3.1794389e+00   5.2632506e+00
  -2.0197506e+00   5.8013825e+00
  -3.5257739e+00   8.5956886e+00
  -2.8771545e+00   5.9447601e+00
  -2.1538558e+00   5.9661518e+00
  -3.7505356e+00   6.6370972e+00
  -3.4365535e+00   5.0452054e+00
  -2.4885589e+00   5.5870609e+00
  -3.7849925e+00   5.8718014e+00
  -3.0767218e+00   6.3577339e+00
  -2.9276537e+00   6.8043780e+00
  -2.8376447e+00   5.0330731e+00
  -2.8992329e+00   4.1955096e+00
  -2.1173867e+00   7.6733155e+00
  -3.5575046e+00   6.5250270e+00
  -3.4379600e+00   4.6852802e+00
  -1.0533396e+00   5.3319180e+00
  -1.3610738e+00   6.5135971e+00
  -2.6844764e+00   5.9575653e+00
  -2.5606692e+00   8.9508646e+00
  -2.4201230e+00   5.9911092e+00
  -4.0018514e+00   6.3850097e+00
  -3.7702407e+00   6.1340962e+00
  -2.3679347e+00   6.5860906e+00
  -3.8306757e+00   3.9535950e+00
  -4.4007646e+00   4.7839420e+00
  -2.2051291e+00   5.8172902e+00
  -2.0359475e+00   5.0512828e+00
  -4.0295090e+00   5.1352889e+00
  -4.5969553e+00   6.6475075e+00
  -9.0317453e-01   4.3496887e+00
  -4.0168013e+00   6.6460176e+00
  -2.6432113e+00   6.7810024e+00
  -2.5878368e+00   5.3489146e+00
  -4.3358766e+00   5.6846787e+00
  -3.1333873e+00   6.5219297e+00
  -3.3215315e+00   6.1338904e+00
  -3.7330030e+00   4.2674701e+00
  -4.3601455e+00   5.5174999e+00
  -3.0146958e+00   5.5015609e+00
  -3.3117563e+00   7.4934646e+00
  -4.2999585e+00   5.1016965e+00
  -1.5502918e+00   6.1055342e+00
  -2.0646877e+00   5.4356230e+00
  -3.1868876e+00   4.6772863e+00
  -3.9713687e+00   6.0059493e+00
  -2.0002442e+00   3.8950731e+00
  -1.3517191e+00   6.4724750e+00
  -2.7566882e+00   6.9795773e+00
  -4.1139012e+00   6.6011809e+00
  -5.5569407e+00   7.2938787e+00
  -3.5912571e+00   5.3772650e+00
  -2.2023166e+00   5.7815956e+00
  -2.4245672e+00   5.3876300e+00
  -2.9003984e+00   6.0904901e+00
  -3.1649891e+00   6.3029990e+00
  -2.8068250e+00   6.6096736e+00
  -2.7099203e+00   5.9201043e+00
  -3.6139200e+00   4.9286250e+00
  -2.9265823e+00   7.3108340e+00
  -4.4654672e+00   7.2692470e+00
  -4.0263875e+00   4.5509029e+00
  -3.2822868e+00   4.5854397e+00
  -5.3059566e+00   6.5387795e+00
  -3.8539988e+00   6.8586986e+00
  -1.2802311e+00   5.8443651e+00
  -2.8129884e+00   5.9355740e+00
  -5.7735214e+00   6.2185214e+00
  -5.2985358e+00   5.7974060e+00
  -2.9769749e+00   4.9131554e+00
  -3.5835152e+00   3.9459456e+00
  -1.8250463e+00   5.6749841e+00
  -3.8045819e+00   5.0913025e+00
  -1.5027304e+00   7.8959972e+00
  -4.3485740e+00   6.6119746e+00
  -3.5517797e+00   5.5052557e+00
  -2.3520377e+00   5.1235959e+00
  -2.1840366e+00   3.6625127e+00
  -2.9080935e+00   6.0820713e+00
  -3.4254281e+00   5.8624651e+00
  -1.9045104e+00   6.2607531e+00
  -3.6492318e+00   5.7078049e+00
  -2.7973965e+00   6.4241173e+00
  -4.4998570e+00   6.1452358e+00
  -1.5616349e+00   6.9344261e+00
  -2.5318929e+00   5.6501546e+00
  -3.9256587e+00   6.9904204e+00
  -4.7146738e+00   5.8636812e+00
  -5.5245711e+00   4.7834266e+00
  -2.9073730e+00   5.7784163e+00
  -3.2451900e+00   5.3582565e+00
  -3.4377838e+00   6.7381487e+00
  -3.9803155e+00   4.8954620e+00
  -4.1820193e+00   6.3344365e+00
  -3.1027763e+00   7.5214086e+00
  -3.6194695e+00   6.8266331e+00
  -3.3899568e+00   5.3025018e+00
  -3.8173930e+00   5.2975279e+00
  -4.2882824e+00   7.4408176e+00
  -3.3594041e+00   6.2081830e+00
  -2.9252106e+00   7.2519188e+00
  -3.3108249e+00   6.2243417e+00
  -4.7205659e+00   7.0953436e+00
  -2.8132454e+00   4.5563700e+00
  -3.3439092e+00   6.5251122e+00
  -2.5596936e+00   6.5501852e+00
  -2.0538904e+00   5.1757739e+00
  -2.0043594e+00   5.7643978e+00
  -1.8203616e+00   6.0260329e+00
  -3.0491284e+00   5.1070820e+00
  -3.3239012e+00   6.5152495e+00
  -2.1350842e+00   5.3888445e+00
  -2.4437191e+00   5.9749249e+00
  -4.5308223e+00   8.7631054e+00
  -2.9219307e+00   7.3040835e+00
  -4.1876833e+00   6.1994062e+00
  -3.6430117e+00   7.5945213e+00
  -4.1201099e+00   4.0800289e+00
  -4.0940556e+00   5.8836089e+00
  -3.4696684e+00   6.5831892e+00
  -4.7774425e+00   6.1273129e+00
  -2.0174327e+00   6.1671871e+00
  -1.8946911e+00   5.7392459e+00
  -1.9893666e+00   5.6611630e+00
  -4.4758257e+00   6.0505595e+00
  -3.5305869e+00   5.7579157e+00
  -2.6867283e+00   5.6626690e+00
  -3.6305348e+00   5.0111353e+00
  -4.7655030e+00   6.0952145e+00
  -3.5958690e+00   6.2409989e+00
  -4.3358509e+00   6.9064232e+00
  -2.7576175e+00   6.2124044e+00
  -2.3909682e+00   6.3264481e+00
  -7.5525441e-01   5.4542847e+00
  -2.6745376e+00   5.2490667e+00
  -5.0877176e+00   5.5179773e+00
  -1.9100308e+00   5.9938545e+00
  -3.1784870e+00   4.0782774e+00
  -4.0381419e+00   5.6632174e+00
  -2.3885452e+00   7.1702755e+00
  -3.1424567e+00   6.8909243e+00
  -1.8852420e+00   6.4457167e+00
  -2.4626077e+00   6.2656204e+00
  -3.2688486e+00   5.6334741e+00
  -9.4486403e-01   5.4693899e+00
  -4.0620455e+00   7.7396028e+00
  -3.3746451e+00   6.3135261e+00
  -4.6411498e+00   4.3823116e+00
  -4.7673260e+00   6.3653332e+00
  -1.2786965e-01   6.2780285e+00
  -1.8871730e+00   5.2040013e+00
  -3.0151008e+00   5.8840387e+00
  -2.7310307e+00   5.7987604e+00
  -1.9326006e+00   5.5120126e+00
  -2.8612069e+00   6.5859369e+00
  -3.1122598e+00   5.6740581e+00
  -2.1369366e+00   5.9891540e+00
  -3.1973600e+00   6.2815061e+00
  -2.2181875e+00   7.1156371e+00
  -3.5446945e+00   7.3801962e+00
  -4.5433913e+00   4.9123835e+00
  -4.1855820e+00   7.6615042e+00
  -3.5516252e+00   7.1538973e+00
  -2.5778265e+00   5.7708560e+00
  -4.1165387e+00   6.1743771e+00
  -3.8477927e+00   4.9241859e+00
  -4.3464382e+00   6.1539193e+00
  -2.9573840e+00   6.3206890e+00
  -2.7836064e+00   7.4800068e+00
  -2.6518221e+00   8.2795519e+00
  -4.0286586e+00   4.2888897e+00
  -2.2247777e+00   4.9915245e+00
  -2.9149965e+00   7.8129156e+00
  -2.1896012e+00   4.5001384e+00
  -2.7037311e+00   5.5906131e+00
  -3.1531930e+00   6.2355913e+00
  -1.8980823e+00   4.7576031e+00
  -3.3973855e+00   5.4137234e+00
  -2.5078066e+00   5.6061357e+00
  -1.3313179e+00   7.2806143e+00
  -3.9623336e+00   6.4340575e+00
  -2.5179367e+00   5.3404385e+00
  -2.6072304e+00   5.0422202e+00
  -3.3141007e+00   5.3325826e+00
  -3.6154617e+00   5.8411843e+00
  -4.4870310e+00   6.7547066e+00
  -2.1736202e+00   7.0466576e+00
  -1.8157417e+00   8.2924951e+00
  -7.2757781e-01   5.2535423e+00
  -3.1312941e+00   8.1942504e+00
  -3.5798426e+00   6.0223893e+00
  -3.5305080e+00   4.9782619e+00
  -1.4769044e+00   4.4145144e+00
  -2.5199341e+00   4.6398000e+00
  -3.0530373e+00   6.0284728e+00
  -2.5047907e+00   6.1495566e+00
  -1.9978836e+00   7.3902966e+00
  -2.5480865e+00   7.1352714e+00
  -2.0598936e+00   5.9730572e+00
  -1.8653958e+00   7.0483554e+00
  -1.0556748e+00   6.4365254e+00
  -2.5645554e+00   5.6841570e+00
  -4.3613671e+00   5.8324923e+00
  -3.2636478e+00   4.1018385e+00
  -2.2013994e+00   8.0886458e+00
  -3.4451651e+00   5.8534807e+00
  -2.5895528e+00   6.0928684e+00
  -2.2122719e+00   4.8224271e+00
  -4.4355587e+00   4.5689411e+00
  -2.4276832e+00   3.7038127e+00
  -2.8518615e+00   6.2197966e+00
  -3.9712993e+00   5.1717261e+00
  -3.0462023e+00   5.3403920e+00
  -1.8442854e+00   6.8743394e+00
  -3.3699742e+00   5.2641081e+00
  -2.8557854e+00   5.3271135e+00
  -2.6116001e+00   8.1208633e+00
  -1.3763885e+00   4.6832648e+00
  -3.7081896e+00   6.2564850e+00
  -3.5807697e+00   6.8038761e+00
  -3.0395292e+00   5.8130785e+00
  -2.9892199e+00   4.0598901e+00
  -2.9526534e+00   6.1344188e+00
  -3.3595399e+00   5.8696088e+00
  -1.7942527e+00   6.1056978e+00
  -2.0487775e+00   7.1741819e+00
  -2.7216579e+00   5.5348305e+00
  -1.6531185e+00   5.5264260e+00
  -3.7479232e+00   6.9504475e+00
  -3.1148130e-01   3.2800978e+00
  -2.2205457e+00   6.9846700e+00
  -2.4489087e+00   5.5998313e+00
  -2.2953865e+00   7.6172636e+00
  -3.7300926e+00   4.9532507e+00
  -2.5058868e+00   7.0664907e+00
  -3.8791185e+00   6.6796399e+00
  -1.9185455e+00   6.5095055e+00
  -1.7119280e+00   6.0173135e+00
  -3.7005062e+00   6.1920295e+00
  -3.5023423e+00   8.2401657e+00
  -3.3861022e+00   6.0236904e+00
  -2.6110983e+00   7.2328218e+00
  -4.5646861e+00   6.6591905e+00
  -2.7389326e+00   5.6979934e+00
  -1.8353785e+00   6.5844957e+00
  -4.2061389e+00   5.5782838e+00
  -3.1250496e+00   7.6010182e+00
  -2.1541687e+00   5.0028524e+00
  -4.2247044e+00   5.7021742e+00
  -4.8594529e+00   4.7063275e+00
  -2.1198948e+00   6.5399726e+00
  -3.4823300e+00   5.2524531e+00
  -2.0847102e+00   6.8152882e+00
  -3.6160331e+00   4.1070927e+00
  -3.6431312e+00   5.5756615e+00
  -3.0772941e+00   5.8021478e+00
  -3.8652253e+00   5.6723896e+00
  -2.2847689e+00   3.5044250e+00
  -2.3123047e+00   7.1455719e+00
  -2.9247257e+00   7.3251499e+00
  -6.1292664e-01   6.0392955e+00
  -3.3621936e+00   6.3283316e+00
  -2.2269378e+00   6.5964219e+00
  -2.1302307e+00   4.4460667e+00
  -2.6935621e+00   4.4754647e+00
  -2.7650156e+00   7.1650792e+00
  -1.8349293e+00   5.6126623e+00
  -2.9128044e+00   6.4644404e+00
  -2.8978375e+00   5.7530083e+00
  -1.8578901e+00   4.1677809e+00
  -3.0719631e+00   5.3685049e+00
  -4.2844679e+00   6.9814235e+00
  -4.1643381e+00   6.3860415e+00
  -2.4943545e+00   5.8147649e+00
  -2.5345097e+00   5.9856842e+00
  -2.4406669e+00   3.6819599e+00
  -2.9853523e+00   7.2335181e+00
  -2.9603170e+00   7.4969613e+00
  -4.8607054e+00   5.0345068e+00
  -3.0295458e+00   4.7862252e+00
  -1.3079494e+00   5.4337398e+00
  -2.9507635e+00   6.0912638e+00
  -4.5744642e-01   4.9907367e+00
  -3.3929478e+00   5.1432850e+00
  -1.9105017e+00   4.8967737e+00
  -9.0457354e-01   5.8996090e+00
  -3.5580238e+00   4.8048529e+00
  -2.3285342e+00   5.4455290e+00
  -2.3565765e+00   6.1065430e+00
  -2.1869813e+00   6.7425846e+00
  -2.7870521e+00   7.4072468e+00
  -2.8668908e+00   5.7106357e+00
  -3.6482878e+00   4.9558733e+00
  -2.3539907e+00   4.3396178e+00
  -2.2922208e+00   6.4926479e+00
  -3.9100045e+00   6.1575920e+00
  -2.1270542e+00   7.3406867e+00
  -1.6671070e+00   7.2799724e+00
  -1.8753899e+00   5.0832478e+00
  -4.6367612e+00   7.7486337e+00
  -2.7759520e+00   4.2511583e+00
  -3.8538546e+00   5.9818210e+00
  -1.9660383e+00   7.3469998e+00
  -2.9940600e+00   7.0348726e+00
  -3.9355417e+00   6.1255412e+00
  -3.9999541e+00   7.6361964e+00
  -3.4801290e+00   7.4295548e+00
  -4.0589825e+00   5.8699356e+00
  -3.5352696e+00   6.0419599e+00
  -3.9826525e+00   5.7869198e+00
   1.3779279e-01   5.8464700e+00
  -3.8644787e+00   5.8988291e+00
  -2.6345764e+00   6.6133803e+00
  -1.5580574e+00   6.0627111e+00
  -4.0460408e+00   6.1829326e+00
  -2.8768965e+00   6.5421203e+00
  -1.6562667e+00   6.1861706e+00
  -2.7952705e+00   7.5097817e+00
  -1.3380680e+00   6.7507085e+00
  -5.5440756e+00   8.1039225e+00
  -2.5198032e+00   5.7394275e+00
  -3.4931085e+00   6.3152863e+00
  -1.2142841e+00   7.2701374e+00
  -3.2183859e+00   6.4822466e+00
  -4.2108072e+00   5.5783217e+00
  -1.1378458e+00   6.3357032e+00
  -1.9228362e+00   5.0330091e+00
  -3.9211412e+00   7.2351909e+00
  -3.9185664e+00   3.4636084e+00
  -4.1765425e+00   6.1345634e+00
  -4.6539818e+00   4.2687719e+00
  -2.6186721e+00   5.5403957e+00
  -3.7069237e+00   6.6110391e+00
  -2.2992349e+00   5.6950302e+00
  -3.0507389e+00   4.9818369e+00
  -2.7427399e+00   7.0259864e+00
  -3.4101753e+00   6.0282703e+00
  -2.5371171e+00   6.8420097e+00
  -2.9448696e+00   5.2620422e+00
  -3.4422499e+00   7.4128990e+00
  -1.7458920e+00   6.3450951e+00
  -3.0727492e+00   4.9219266e+00
  -2.3963651e+00   6.2676913e+00
  -2.3056149e+00   6.8489055e+00
  -3.0945346e+00   7.3971612e+00
  -1.5361226e+00   7.3908125e+00
  -3.9630896e+00   6.5707906e+00
  -4.0894885e+00   8.0519525e+00
  -1.9307647e+00   7.5402769e+00
  -2.0293530e+00   5.7711753e+00
  -2.3304449e+00   5.0461400e+00
  -2.3958572e+00   5.8668637e+00
  -2.9873560e+00   5.1310327e+00
  -3.1171052e+00   4.5907237e+00
  -9.3356883e-01   5.5957927e+00
  -2.7665283e+00   4.5636842e+00
  -3.8795598e+00   5.5589943e+00
  -4.0240096e+00   5.3582782e+00
  -4.6774716e+00   5.5563525e+00
  -3.1586063e+00   3.9504659e+00
  -2.7523470e+00   6.5041809e+00
  -4.2663314e+00   6.0569800e+00
  -4.2557149e+00   6.6243948e+00
  -2.7836337e+00   4.5720986e+00
  -4.3471098e+00   5.1814272e+00
  -3.0972946e+00   4.7349075e+00
  -3.2849188e+00   6.2421188e+00
  -3.2259509e+00   6.1597573e+00
  -3.4460125e+00   6.3524540e+00
  -4.4107333e+00   6.6484738e+00
  -2.1503153e+00   7.3274033e+00
  -2.8081306e+00   8.0457461e+00
  -3.1431627e+00   5.4642987e+00
  -5.0824248e+00   6.0296033e+00
  -2.8896988e+00   5.2012217e+00
  -2.4404439e+00   5.4972874e+00
  -2.3944933e+00   6.3327631e+00
  -4.0707398e+00   5.2369540e+00
  -2.6973478e+00   7.5964990e+00
  -3.2751593e+00   6.9160487e+00
  -2.5345432e+00   5.9130389e+00
  -3.3483976e+00   4.9055819e+00
  -8.7683523e-01   6.7732882e+00
  -2.4052092e+00   5.7829364e+00
  -2.7134314e+00   5.7852026e+00
  -2.6701424e+00   5.6608873e+00
  -3.5539027e+00   6.3157592e+00
  -3.3372052e+00   5.1777939e+00
  -3.9842441e+00   4.9084888e+00
  -3.9595528e+00   5.6036057e+00
  -3.8048255e+00   7.5791644e+00
  -3.4622223e+00   4.7046958e+00
  -4.5663037e+00   6.6502264e+00
  -3.4433919e+00   5.7741949e+00
  -4.4677707e+00   7.3728239e+00
  -2.7680894e+00   6.5990246e+00
  -1.3335119e+00   5.4666426e+00
  -4.8160800e+00   6.1385508e+00
  -1.0547619e+00   6.4468590e+00
  -2.7681588e+00   5.6744190e+00
  -4.1869695e+00   7.0198572e+00
  -2.9406666e+00   6.7073353e+00
  -3.5273558e+00   8.0667404e+00
  -4.4260848e+00   7.7699493e+00
  -3.2431931e+00   7.2873827e+00
  -2.3494950e+00   6.2656915e+00
  -3.8197376e+00   5.5900193e+00
  -3.8727821e+00   6.1802668e+00
  -3.1852905e+00   5.5803850e+00
  -3.2672560e+00   6.4054638e+00
  -2.1133316e+00   5.0110818e+00
  -3.3724325e+00   5.3264153e+00
  -4.1998480e+00   5.1423972e+00
  -4.0282388e+00   8.0684111e+00
  -3.7475779e+00   5.1529872e+00
  -3.3282523e+00   6.4574529e+00
  -2.8217162e+00   5.5430045e+00
  -3.8089358e+00   5.1928771e+00
  -3.7495999e+00   4.8915403e+00
  -1.9570381e+00   6.7804066e+00
   1.9019014e-01   5.6231213e+00
  -3.0775562e+00   7.6506715e+00
  -3.5734675e+00   5.3358043e+00
  -2.4387592e+00   4.8585190e+00
  -1.2037302e+00   5.0250872e+00
  -2.6394985e+00   3.6892547e+00
  -3.7190578e+00   6.9003186e+00
  -2.4711199e+00   5.9406944e+00
  -1.9270878e+00   6.5141916e+00
  -1.7569099e+00   6.3972607e+00
  -2.5071659e+00   5.4339117e+00
  -3.4553887e+00   5.9400668e+00
  -5.0114452e+00   6.0267133e+00
  -3.0882884e+00   6.4932868e+00
  -3.8793549e+00   5.8625256e+00
  -1.2032767e+00   6.1322352e+00
  -3.7936247e+00   6.9362102e+00
  -3.2622487e+00   6.9915639e+00
  -2.7591172e+00   5.6270757e+00
  -3.5721974e+00   7.0666979e+00
  -3.4476561e+00   7.1390752e+00
  -3.5330919e+00   5.5135863e+00
  -4.5118800e+00   4.8857259e+00
  -2.9349680e+00   4.5092790e+00
  -2.8154424e+00   4.9283034e+00
  -1.4688874e+00   5.3463392e+00
  -4.5872392e+00   5.2727136e+00
  -1.7318252e+00   5.6394491e+00
  -2.9423278e+00   5.5503536e+00
  -3.0576055e+00   5.2556244e+00
  -3.5702145e+00   5.6207336e+00
  -2.1783500e+00   5.4064780e+00
  -2.8465634e+00   5.6835711e+00
  -3.1741767e+00   7.4602950e+00
  -2.1292424e+00   6.9054272e+00
  -1.8976669e+00   5.9639844e+00
  -3.4637098e+00   5.5900204e+00
  -3.1918989e+00   6.8968496e+00
  -2.2178316e+00   6.3382799e+00
  -1.9000577e+00   6.1915844e+00
  -1.5625515e+00   3.9225510e+00
  -2.0628101e+00   5.4680127e+00
  -3.8196291e+00   7.2722994e+00
  -3.4238035e+00   6.0578487e+00
  -3.5185992e+00   5.2408060e+00
  -2.0503487e+00   8.2645747e+00
  -3.0763991e+00   7.2979218e+00
  -8.1815491e-01   6.9817984e+00
  -2.9847861e+00   7.7583437e+00
  -3.4446813e+00   6.4592067e+00
  -2.7203492e+00   5.8163460e+00
  -1.8798090e+00   6.1603708e+00
  -2.7481244e+00   7.8135922e+00
  -3.7425017e+00   6.0781908e+00
  -2.4667589e+00   5.7941383e+00
  -2.2738929e+00   3.8830712e+00
  -3.0339558e+00   5.9186548e+00
  -4.1214453e+00   5.5179964e+00
  -3.0819162e+00   5.7029959e+00
  -3.8754048e+00   6.8096987e+00
  -4.1601563e+00   6.8233513e+00
  -4.7434823e+00   7.4290690e+00
  -2.2810714e+00   6.2690292e+00
  -4.1177896e+00   7.1059590e+00
  -1.9475815e+00   5.5427032e+00
  -3.2300837e+00   4.8109438e+00
  -4.0206936e+00   5.8238643e+00
  -2.1980720e+00   3.4058604e+00
  -1.8173721e+00   8.2874242e+00
  -2.8602824e+00   6.4677403e+00
  -3.3503099e+00   5.8930312e+00
  -3.7583675e+00   6.0177296e+00
  -3.7281321e+00   7.0203676e+00
  -3.2079430e+00   5.5323091e+00
  -3.0163083e+00   5.1753881e+00
  -2.9143409e+00   4.8293195e+00
  -2.8915045e+00   8.3876121e+00
  -3.0733018e+00   6.4342071e+00
  -2.7118153e+00   4.4122403e+00
  -2.5067828e+00   6.3894851e+00
  -1.4610915e+00   6.9137046e+00
  -3.5285615e+00   4.7023165e+00
  -3.6898980e+00   5.2990539e+00
  -8.7917111e-01   6.1936945e+00
  -1.1603154e+00   5.9965021e+00
  -2.1946454e+00   6.3224447e+00
  -3.6578863e+00   3.1059049e+00
  -3.1807322e+00   5.6980158e+00
  -2.2980476e+00   6.3192801e+00
  -4.5194084e+00   5.7741437e+00
  -3.6672821e+00   5.5387284e+00
  -3.1889485e+00   6.1576969e+00
  -1.9438315e+00   7.8716104e+00
  -3.1374265e+00   7.6101245e+00
  -2.5022299e+00   6.2103764e+00
  -3.3028519e+00   7.8556362e+00
  -1.3832552e+00   4.9828288e+00
  -1.4243748e+00   6.0243396e+00
  -1.3011948e+00   7.6348388e+00
  -1.6229459e+00   7.0481791e+00
  -2.6485885e+00   6.4284768e+00
  -2.3350772e+00   5.8103798e+00
  -2.6191081e+00   4.5844401e+00
  -2.8132515e+00   8.0361817e+00
  -3.0769673e+00   5.7554168e+00
  -3.8208887e+00   5.7651434e+00
  -3.3938392e+00   6.3231989e+00


